0.0
2.5
12.75
23.75
35.0
38.5
40.75
53.0
55.25
58.75
86.75
88.75
94.5
99.75
102.0
110.25
114.0
117.75
120.0
123.0
141.75
148.75
155.25
163.75
171.0
173.25
201.75
232.5
235.25
237.75
240.5
254.5
257.0
259.75
264.75
274.75
277.25
294.75
297.25
301.0
303.0
305.0
308.25
322.5
326.25
337.0
339.0
341.25
344.75
368.5
371.25
373.25
381.75
384.5
387.5
390.25
393.25
396.75
400.0
405.5
410.75
421.0
433.0
439.0
448.5
456.75
462.75
465.75
475.75
491.0
497.5
502.75
505.75
509.5
519.5
522.25
536.75
539.25
541.5
550.25
553.0
