1.5
1.0
1.5
1.75
1.0
1.75
1.5
1.0
1.75
1.25
1.0
1.0
1.75
1.0
1.75
1.0
1.75
1.75
1.25
1.25
1.75
1.25
1.25
1.75
1.75
1.0
1.75
1.25
1.25
1.5
1.75
1.75
1.25
1.0
1.25
1.25
1.0
1.25
1.75
1.5
1.0
1.75
1.25
1.25
1.0
1.75
1.5
1.75
1.25
1.5
1.0
1.5
1.25
1.0
1.75
1.25
1.0
1.0
1.0
1.75
1.0
1.5
1.75
1.25
1.25
1.5
1.25
1.25
1.0
1.5
1.25
1.25
1.0
1.5
1.0
1.0
1.0
1.0
1.0
1.25
1.75
1.75
1.25
1.0
1.25
1.75
1.75
1.0
1.25
1.25
1.0
1.75
1.0
1.5
1.25
1.5
1.25
1.25
1.25
1.5
1.75
1.5
1.0
1.5
1.0
1.0
1.5
1.0
1.0
1.0
1.25
1.5
1.25
1.0
1.0
1.25
1.5
1.75
1.0
1.25
1.5
1.5
1.5
1.5
1.5
1.5
1.0
1.5
1.75
1.75
1.75
1.75
1.0
1.25
1.75
1.5
1.75
1.0
1.5
1.0
1.75
1.5
1.5
1.75
1.0
1.25
1.75
1.25
1.25
1.5
1.75
1.75
1.0
1.5
1.75
1.0
1.25
1.0
1.25
1.5
1.75
1.0
1.25
1.5
1.0
1.5
1.0
1.5
1.25
1.5
1.75
1.25
1.5
1.75
1.0
1.75
1.75
1.5
1.5
1.5
1.25
1.0
1.5
1.5
1.25
1.0
1.0
1.5
1.75
1.5
1.0
1.75
1.75
1.0
1.25
1.25
1.0
1.5
1.0
1.25
1.25
1.0
1.5
1.0
1.75
1.75
1.75
1.5
1.25
1.75
1.5
1.5
1.75
1.75
1.0
1.5
1.0
1.5
1.0
1.75
1.0
1.75
1.25
1.5
1.25
1.75
1.25
1.25
1.0
1.25
1.25
1.0
1.75
1.0
1.5
1.5
1.25
1.5
1.25
1.0
