20.5
23.0
35.0
37.25
45.25
47.75
50.5
52.75
55.25
58.25
65.75
68.25
70.75
73.25
81.25
83.25
85.5
88.0
120.75
123.5
125.5
128.25
140.0
142.25
169.0
171.75
183.25
185.5
191.75
194.25
216.5
218.75
220.75
223.75
240.75
243.5
260.75
263.0
278.75
281.0
299.0
301.75
314.5
317.25
320.25
323.25
325.25
327.75
341.0
343.0
346.0
348.5
356.5
358.75
361.5
364.0
377.0
379.5
391.25
394.0
397.0
399.0
401.25
404.0
421.5
423.75
447.5
449.75
472.25
475.0
477.75
480.0
501.0
503.0
511.75
514.25
516.75
519.5
527.75
530.5
557.5
560.25
562.5
565.0
