0.0
2.0
4.75
7.75
9.75
12.75
15.25
17.5
61.0
63.0
76.0
79.0
90.25
92.5
95.25
98.0
100.0
102.75
105.25
107.75
110.0
112.75
149.5
152.0
164.5
166.75
187.5
189.75
206.5
209.25
212.0
214.0
226.0
228.75
251.0
253.75
256.0
258.0
265.25
267.25
274.5
276.75
288.75
291.0
293.75
296.5
304.5
307.0
336.25
338.25
351.25
354.25
406.25
409.0
411.0
413.5
426.25
429.25
437.0
439.75
457.5
459.75
461.75
464.5
467.25
470.0
482.25
484.5
486.75
489.25
491.5
493.75
496.0
498.25
537.5
540.0
542.0
545.0
567.25
569.5
576.75
579.0
581.5
584.25
586.75
589.25
