0.0
3.04464338042
6.60340876346
10.3947660052
12.8797829282
74.1104731742
76.9750105847
79.3220221213
82.7176550857
85.0839707609
136.102448248
138.342690098
141.033691671
144.262646526
147.30877538
168.129629549
170.559256558
173.651896649
177.036104625
179.443863575
198.23259731
200.884948578
202.979102037
205.110277913
208.529783974
254.247267787
256.358893262
260.215829555
262.876422596
266.854101375
313.81438399
316.530287165
318.792745253
322.527811982
326.023146673
342.030908158
344.397611922
348.150542989
351.241414417
353.615052893
371.439283827
374.219499143
377.593648146
381.186450457
385.18496759
417.858184859
420.633717157
423.541324694
426.806626549
429.028277669
506.593445919
509.081390898
511.694361661
514.688296129
516.838466476
550.465415675
553.513432254
556.201387621
559.500310516
561.587980278
580.588235729
583.746084362
587.315220153
590.933759655
594.093196565
