15.6004924862
17.8159265817
21.2662968152
24.0525434575
26.8441122137
29.6621026532
33.40845807
37.0407790498
39.8617834753
42.1090511002
88.7783837204
92.2787341027
94.4154484474
98.0388443733
100.644985763
121.164857504
125.042876408
127.327428779
130.065392611
132.623281064
151.301590898
154.963488738
158.963064262
161.075791119
164.351690266
211.465480043
215.00961342
218.311892975
220.650037149
224.434051052
226.716623281
229.443236433
231.471102934
234.979826177
237.222867634
356.773792364
360.561267244
363.621284275
366.912165327
369.195158171
388.274763785
392.127477031
394.752832053
396.823847268
399.857241118
402.995829878
405.71561083
409.562876373
411.587628512
414.800977435
432.360957637
435.828617857
438.506663278
441.223923511
445.189618338
461.570774004
464.109468084
467.083205404
469.99700551
473.25834953
520.588130224
524.294236818
526.627251682
528.848703676
531.717664208
564.906972726
568.594586296
570.875869386
573.943115342
577.047815908
