44.3466016107
46.9795300416
50.2414263112
52.2654499212
54.5723782838
58.294129123
62.2818434678
64.661298714
67.193707471
70.9784018211
104.609503509
108.318950533
111.391455637
115.231916614
118.183068927
182.877936685
186.739913778
190.00108409
193.18750399
195.287939847
240.902336529
243.985128024
246.804269208
249.257717463
251.538853694
269.426252965
271.623870022
274.17757721
277.623352168
281.368790607
285.062721421
287.60988293
290.812310558
293.85201715
295.99438656
299.55086245
302.262689292
305.427597704
308.039640248
311.655471813
329.397738591
332.09226971
334.509746435
337.113425228
339.860288462
448.723637991
451.246679349
454.435682228
456.599169478
458.887423091
476.717679008
479.583704707
482.424274943
484.607501874
487.186703384
490.321540912
493.627647532
496.93220289
499.724155522
502.911594157
534.891871039
537.568588538
540.948484523
543.132979309
546.563577775
