0.0
4.0
6.25
8.25
30.75
33.5
35.75
46.0
50.25
55.5
61.0
67.75
70.25
72.25
78.75
85.25
95.25
100.75
102.75
117.25
119.75
126.0
128.25
130.75
132.75
142.25
144.5
147.0
149.0
156.0
160.25
162.5
167.25
177.0
186.5
188.5
197.75
203.25
205.5
207.5
209.5
216.75
218.75
223.0
225.5
227.5
229.75
232.0
243.75
248.25
250.25
252.5
255.0
270.0
272.0
274.75
282.25
287.25
297.5
299.5
303.75
306.25
308.25
317.75
322.75
339.0
343.75
346.0
348.25
350.25
352.5
360.5
363.25
367.5
369.75
372.0
374.75
382.0
384.0
386.75
403.5
405.5
416.75
419.0
421.25
433.25
435.25
437.25
439.75
444.0
448.75
451.25
454.0
460.75
463.5
466.25
484.5
487.25
491.75
494.0
506.0
508.25
513.0
515.5
517.75
543.0
545.75
548.5
550.5
555.0
557.0
