2.0
11.0
13.0
15.5
17.75
20.5
23.0
25.5
28.25
38.0
40.5
43.25
48.25
52.75
58.25
63.5
65.75
74.25
76.5
81.0
83.0
87.5
90.0
92.5
98.0
105.5
107.5
110.25
112.5
115.25
121.75
123.75
135.25
137.5
140.0
151.75
153.75
158.25
164.75
169.75
172.5
175.0
179.0
181.5
183.75
190.5
192.5
195.0
200.5
211.75
214.0
221.0
234.25
236.75
239.5
241.75
245.75
257.0
259.5
261.5
263.5
266.0
268.0
277.0
279.75
284.5
289.75
292.5
294.75
301.5
310.5
313.25
315.25
320.5
325.25
327.5
329.5
332.0
334.5
336.75
341.25
355.25
357.75
365.25
377.25
379.25
389.25
391.5
393.75
396.25
398.25
401.0
407.75
410.0
412.25
414.5
423.5
426.25
429.0
431.0
441.75
446.5
456.0
458.0
468.75
471.25
474.0
476.75
479.5
481.75
489.25
496.5
499.0
501.5
504.0
511.0
519.75
521.75
523.75
526.5
529.25
531.25
534.0
536.25
538.25
540.75
552.5
559.25
561.75
