10.0
12.25
21.25
24.25
31.5
34.75
37.5
46.5
49.0
51.75
63.0
70.0
76.25
79.5
82.25
89.25
95.75
107.5
110.0
127.0
130.5
140.25
143.5
146.5
155.25
158.25
170.25
176.75
182.5
203.25
234.0
242.5
251.25
260.25
285.5
288.75
292.0
295.75
299.0
310.0
322.75
328.0
332.25
336.25
338.75
342.0
348.0
365.0
371.25
375.75
385.0
387.75
400.25
403.25
411.0
445.0
448.75
459.5
473.25
488.25
491.0
501.75
505.75
508.5
525.0
530.75
539.25
549.25
567.5
570.0
577.25
581.25
601.75
607.25
640.25
646.5
652.75
665.0
701.75
704.75
712.5
716.0
742.0
747.25
752.25
755.75
759.5
766.5
773.25
777.0
779.5
789.0
792.25
810.25
815.5
825.0
827.75
831.0
834.5
846.0
849.0
856.75
871.75
890.5
894.0
908.5
941.0
944.0
958.0
969.0
972.75
984.75
989.25
1002.5
1004.75
1008.5
1024.5
1035.25
1049.0
1052.0
1065.0
1078.5
1081.0
1093.0
1104.0
1111.5
1119.75
1124.75
1131.25
1139.5
1143.25
1147.75
1151.75
1165.0
1168.25
1170.5
1173.5
1182.0
