0.0
5.75
43.5
54.0
56.75
72.25
102.0
104.5
113.75
133.75
161.25
167.0
174.0
185.25
188.5
198.0
207.0
209.75
212.25
215.0
218.25
236.75
239.75
253.75
256.5
264.25
268.0
274.25
280.75
283.0
303.5
306.5
316.5
320.25
325.0
330.0
350.25
361.75
379.5
391.25
394.5
397.25
418.75
430.75
436.25
456.75
477.25
480.25
483.25
494.75
510.75
516.5
519.0
521.25
533.25
541.75
560.25
563.75
573.75
584.75
596.25
598.5
614.75
637.75
643.75
658.25
671.25
673.75
682.5
685.0
687.25
689.75
699.5
718.75
723.25
729.0
736.0
738.75
744.0
768.75
771.0
782.25
794.75
797.5
802.5
804.75
808.0
812.5
837.5
839.75
842.25
851.25
854.25
859.25
862.75
868.25
881.25
884.75
904.75
911.0
914.25
918.0
921.0
929.5
933.0
937.0
948.25
952.0
954.75
961.5
965.0
976.5
982.5
991.25
998.75
1016.75
1026.75
1029.75
1031.75
1041.25
1045.25
1055.25
1062.25
1073.25
1088.5
1098.75
1109.25
1113.5
1116.75
1122.25
1128.25
1145.25
1157.5
1161.5
1180.0
