2.25
7.75
15.75
19.0
27.75
41.25
60.75
66.75
85.5
93.0
99.0
117.5
120.0
123.75
136.5
149.25
151.75
165.0
179.0
191.5
194.25
201.0
221.25
224.5
227.75
230.5
245.25
247.75
270.75
278.25
301.0
313.5
345.75
353.5
356.75
359.25
367.5
373.25
382.5
406.25
408.75
413.5
415.75
422.25
425.5
427.75
433.25
438.75
441.75
451.0
453.75
461.75
463.75
466.5
470.5
486.0
498.5
514.0
528.75
536.75
545.5
552.75
556.75
588.0
590.5
593.5
604.25
609.5
612.5
618.0
622.0
624.75
627.75
631.75
634.75
649.75
655.5
661.25
668.0
676.0
679.0
693.0
696.25
708.75
721.0
725.5
733.0
749.25
762.75
785.75
800.25
819.25
822.75
865.75
874.0
876.75
879.0
887.5
896.5
898.75
901.25
923.75
926.25
946.0
980.25
987.0
995.0
1010.5
1013.25
1019.5
1021.75
1039.0
1058.5
1067.5
1069.75
1076.0
1084.5
1090.75
1095.5
1101.0
1106.25
1135.25
1137.25
1154.0
1176.0
1184.75
1187.25
