12.0
14.0
16.0
18.75
21.25
23.5
26.25
29.0
31.75
34.5
36.5
38.5
41.25
43.5
45.5
71.5
73.5
75.75
77.75
79.75
94.25
96.5
98.75
101.0
103.5
129.25
131.75
134.25
136.5
138.5
152.25
154.5
156.75
158.75
161.5
213.75
244.25
247.0
249.5
252.0
254.0
256.25
258.75
263.5
265.5
267.75
270.5
272.5
275.0
277.0
305.0
307.25
309.25
312.0
314.0
339.0
341.25
343.5
345.75
347.75
363.0
365.5
367.75
370.5
373.25
399.5
401.5
404.0
406.25
408.25
433.75
436.0
438.5
440.5
442.75
481.75
484.0
486.5
489.25
491.75
517.75
520.25
522.25
524.25
526.5
529.25
532.0
534.75
537.5
540.25
