0.0
2.75
5.5
7.75
15.25
30.25
39.25
46.5
51.25
53.25
58.25
62.75
65.25
67.25
69.75
74.25
84.5
86.75
89.0
94.0
96.0
100.0
102.0
116.0
118.75
126.25
128.25
131.0
133.5
143.25
145.25
148.0
150.5
158.75
164.0
166.0
168.0
170.75
180.5
188.25
190.75
192.75
201.25
206.5
208.5
211.0
213.25
221.5
224.25
229.0
231.0
233.75
235.75
237.75
249.25
254.25
256.75
259.5
262.0
278.5
281.0
283.0
290.75
295.75
305.5
307.5
311.75
313.75
316.0
325.0
329.0
344.5
349.0
351.5
353.75
355.75
358.0
365.0
367.75
372.25
374.5
379.25
385.75
388.25
390.75
399.75
407.25
410.0
422.5
424.5
426.75
438.25
440.25
442.25
444.5
449.5
451.5
453.75
456.0
458.0
465.25
467.5
470.0
487.5
490.25
494.75
497.0
509.0
511.75
515.75
518.5
521.0
547.5
550.0
552.75
555.0
559.5
561.5
