10.25
12.5
17.5
19.5
22.25
25.0
27.75
32.5
34.75
36.75
42.0
44.0
49.25
56.0
60.5
72.0
76.75
79.5
82.0
91.5
98.0
104.5
107.0
109.0
111.25
113.25
121.25
123.5
135.75
138.5
141.0
153.25
156.0
161.5
173.25
175.75
178.0
183.25
185.5
194.75
196.75
199.25
203.75
216.0
218.75
227.0
240.25
242.25
245.0
247.0
251.75
264.5
267.25
269.5
271.5
273.75
275.75
285.75
288.5
293.0
298.5
300.75
302.75
309.75
318.25
321.0
323.0
327.0
331.0
333.0
335.25
337.5
339.5
341.75
346.5
360.5
363.0
370.0
376.75
381.25
383.75
393.0
395.5
397.5
402.25
405.0
412.75
415.5
417.5
420.25
429.25
431.5
434.0
436.25
447.25
460.75
462.75
472.5
475.25
477.5
479.75
482.5
485.0
492.25
499.75
501.75
503.75
506.25
513.75
523.5
525.5
527.5
530.25
532.75
535.25
538.0
540.0
542.75
545.25
557.0
564.25
566.25
