24.0
26.5
28.5
30.5
32.5
34.5
49.5
53.0
55.0
57.75
59.75
75.75
121.5
124.0
127.25
132.25
153.25
156.5
165.25
167.25
170.75
173.5
175.75
191.25
193.75
196.75
199.5
203.0
218.75
222.5
228.5
230.75
233.0
235.0
237.0
240.75
242.75
289.75
292.0
295.25
297.5
300.0
305.25
327.25
336.75
340.25
351.0
354.75
366.25
372.25
374.75
377.25
380.75
383.75
385.75
389.5
393.0
396.75
399.5
402.0
410.5
412.75
414.75
416.75
419.75
427.25
435.0
437.5
442.75
461.5
464.0
485.0
487.75
497.25
508.75
513.5
524.75
527.5
540.25
545.5
548.0
554.5
