0.0
2.25
23.25
25.5
34.75
37.75
51.25
54.75
58.25
60.25
70.75
73.0
75.0
86.5
91.0
94.75
98.25
126.0
132.25
134.5
138.75
146.0
153.0
156.0
159.75
165.5
171.5
173.5
181.25
205.25
211.0
214.0
217.75
228.75
231.5
237.25
240.0
243.5
260.0
273.75
277.5
279.75
282.75
286.5
291.25
293.5
304.0
306.0
309.5
312.0
318.5
321.25
325.0
327.5
330.25
341.5
346.75
349.0
357.75
363.0
369.5
375.0
377.0
385.75
389.25
406.25
409.25
419.25
422.0
447.0
451.75
454.5
481.5
483.5
486.5
489.0
497.75
500.5
523.25
525.25
527.75
531.0
539.5
543.0
552.25
554.5
