13.0
15.75
17.75
20.0
22.0
38.25
41.25
45.0
47.25
66.25
70.0
72.0
79.25
81.75
84.25
87.5
89.75
108.5
111.5
114.25
117.75
121.5
124.0
127.25
130.0
132.25
134.75
138.5
141.5
143.5
146.25
149.0
245.75
249.5
251.5
254.5
258.0
264.75
280.5
295.25
297.5
305.25
308.25
318.75
321.0
324.5
327.25
330.0
334.25
340.25
344.0
366.25
370.0
372.25
374.75
377.25
380.75
383.75
385.75
402.0
404.5
407.0
410.5
412.75
414.75
416.75
419.75
432.5
435.0
437.5
440.5
467.75
471.0
473.75
476.5
522.25
524.75
527.5
530.75
545.5
548.0
551.75
554.5
