2.5
5.25
7.25
17.0
21.5
26.0
28.5
32.75
44.25
46.5
54.25
61.0
63.5
66.25
69.0
75.25
77.75
80.25
89.5
96.75
104.0
106.25
108.75
111.0
113.5
120.75
123.25
133.75
136.5
138.5
151.0
153.75
159.25
166.5
171.25
173.75
176.25
181.5
184.25
187.0
194.75
197.5
199.5
204.25
215.5
218.25
225.25
239.75
242.25
244.25
246.25
250.25
262.25
264.75
266.75
268.75
270.75
273.5
283.75
286.0
291.5
296.75
299.5
302.0
309.25
318.75
321.5
324.25
329.25
334.25
336.25
338.75
341.0
343.5
346.25
351.0
364.75
367.0
374.5
386.0
388.0
397.0
399.75
401.75
404.5
407.0
409.0
415.75
418.25
420.25
423.0
432.5
434.75
437.5
440.0
452.5
457.0
466.0
468.25
477.0
479.5
481.5
484.25
486.5
489.0
496.5
504.25
506.75
509.5
511.75
519.0
528.0
530.25
532.5
534.75
536.75
538.75
541.25
543.25
545.25
547.75
559.0
565.75
567.75
