0.0
9.5
11.75
14.5
19.25
24.0
30.75
35.5
37.5
39.5
41.5
49.25
51.75
56.25
59.0
71.0
73.0
82.25
84.25
87.0
91.75
94.25
99.25
101.75
115.75
118.5
125.25
127.5
129.5
131.75
140.5
143.25
146.0
148.75
156.5
161.5
164.0
169.0
178.75
189.75
192.25
201.5
207.0
209.25
211.25
213.25
221.0
223.25
228.0
230.0
232.0
234.25
237.0
248.25
252.5
255.25
257.25
259.75
276.25
278.5
281.0
288.75
294.0
304.0
306.75
311.75
314.0
316.0
327.0
331.5
348.25
353.5
355.5
357.75
360.5
362.75
369.5
372.25
376.5
378.5
381.0
383.75
390.0
392.75
395.0
411.0
413.75
425.25
428.0
430.0
442.5
445.0
447.75
450.5
455.0
459.25
461.25
463.5
471.0
473.0
475.0
491.75
494.0
499.0
501.5
513.75
516.25
521.25
523.75
526.0
550.25
552.25
554.5
557.0
561.0
563.25
