6.75
10.0
16.0
19.5
26.75
30.5
36.25
54.75
56.75
74.25
77.5
79.75
89.5
92.5
95.75
104.0
109.0
112.5
123.25
126.75
135.25
137.5
142.25
147.5
154.75
176.75
209.0
219.5
222.25
225.25
227.75
246.0
255.0
260.75
266.75
286.5
308.0
310.5
313.5
335.5
339.0
351.0
357.25
373.0
376.75
384.0
387.0
390.25
398.25
401.0
407.0
413.75
431.25
437.75
448.0
456.0
461.5
477.5
494.0
496.0
498.75
511.25
513.75
523.0
552.0
556.5
562.5
568.5
582.0
584.75
601.75
610.5
631.0
638.25
651.0
659.75
661.75
664.75
667.5
683.0
688.25
691.75
730.25
753.5
757.0
764.25
770.0
776.25
784.5
799.25
815.0
826.25
828.25
840.25
848.75
853.0
869.5
882.5
885.75
901.25
920.25
929.25
934.5
942.75
951.25
959.5
978.5
980.5
987.5
990.75
992.75
1001.5
1015.5
1018.5
1021.0
1023.0
1026.75
1033.5
1036.75
1044.25
1061.25
1069.75
1075.75
1078.5
1083.5
1097.0
1107.5
1110.5
1118.75
1138.0
1143.25
