13.75
38.5
45.25
51.75
60.0
63.75
82.25
84.25
100.25
107.0
130.5
144.5
149.5
157.75
161.0
164.25
167.25
172.75
174.75
185.75
192.25
195.75
198.5
200.5
206.75
215.0
217.25
235.0
257.25
264.0
279.0
282.0
291.75
296.5
302.5
318.75
322.5
326.0
328.5
342.0
345.5
348.0
359.5
361.5
366.75
394.0
404.75
410.5
420.25
434.25
442.5
450.0
453.25
471.0
474.25
487.75
490.25
501.5
517.0
519.25
525.5
531.5
536.5
565.0
587.5
592.25
594.5
607.0
613.0
616.25
627.75
633.25
635.25
641.25
644.0
647.25
657.0
673.5
707.5
709.5
715.5
719.0
727.0
759.75
767.0
773.75
778.25
788.25
802.0
805.25
821.25
824.0
842.5
845.75
851.0
858.75
861.0
876.0
879.25
887.75
898.0
905.0
910.75
913.0
916.75
932.5
954.0
964.25
984.0
998.0
1030.0
1039.75
1042.25
1054.5
1064.75
1081.25
1086.5
1094.75
1099.0
1101.5
1105.0
1125.75
1131.75
1134.5
1146.0
