0.0
3.5
23.0
33.5
41.75
48.25
67.5
71.25
87.0
98.25
115.75
119.5
133.25
140.25
152.75
170.0
180.0
182.0
188.5
203.75
211.75
231.25
237.0
240.75
242.75
248.5
251.25
268.75
272.5
275.5
284.5
288.75
294.0
299.0
306.0
315.5
331.25
333.25
354.25
363.5
370.0
380.25
396.0
417.25
422.75
425.5
427.5
440.5
445.5
458.75
465.25
467.75
480.75
484.25
504.75
507.75
527.75
533.5
538.5
541.25
544.25
546.75
549.0
554.25
559.75
570.5
574.25
576.25
579.75
590.25
598.0
605.0
620.0
623.5
625.5
654.5
670.25
675.75
679.0
681.0
686.0
694.25
697.25
700.75
703.75
711.75
721.0
723.25
733.25
735.5
738.0
740.75
744.5
747.25
750.0
761.75
781.0
791.0
793.75
796.75
807.5
811.25
818.5
830.75
834.0
836.75
856.25
863.25
866.25
872.5
891.25
894.25
908.0
923.5
927.0
937.5
939.75
944.75
946.75
949.25
957.0
962.0
966.25
968.5
971.75
975.0
995.75
1004.0
1006.0
1008.25
1012.0
1048.0
1050.75
1056.75
1059.25
1067.0
1073.0
1089.5
1091.75
1113.75
1116.0
1122.25
1128.75
1140.0
