6.75
9.75
30.75
36.0
41.75
51.0
55.5
62.25
64.5
67.25
71.0
74.75
88.0
93.0
95.0
97.5
103.25
140.75
142.75
146.0
148.75
164.25
178.0
192.0
197.75
227.0
233.75
236.25
239.5
242.25
245.0
274.0
282.5
296.75
340.5
348.25
351.25
354.0
357.25
361.0
368.5
375.75
379.5
395.5
398.75
401.0
404.0
415.0
417.0
419.5
426.0
451.5
454.25
457.25
459.75
467.25
470.75
478.0
480.75
483.5
489.0
492.0
502.25
529.25
555.0
558.5
567.5
590.0
593.0
596.75
606.25
622.5
640.5
652.25
666.0
669.0
672.75
677.0
690.0
710.5
720.25
722.25
748.5
760.5
762.5
768.5
771.5
774.75
776.75
780.5
794.5
812.0
816.75
820.25
823.75
826.5
830.75
841.25
844.5
846.5
849.25
864.25
869.75
875.5
878.0
880.75
915.25
917.5
929.0
936.0
938.75
944.0
952.25
963.0
975.0
981.25
997.25
1006.75
1011.75
1015.25
1018.5
1025.0
1044.25
1047.0
1068.5
1075.75
1087.0
1089.0
1098.25
1106.0
1112.5
1115.75
1130.0
1133.25
1136.25
