13.25
19.0
28.0
33.25
47.25
78.5
84.75
113.5
115.75
119.0
122.75
129.0
132.5
135.25
137.75
153.75
170.5
181.75
185.5
209.0
211.25
213.25
216.0
219.25
221.25
225.0
231.5
253.25
259.0
276.75
279.25
293.25
299.25
311.0
313.25
328.25
334.75
337.0
372.25
385.25
388.5
407.0
412.5
422.5
428.25
431.5
440.25
461.75
486.0
494.0
506.0
508.5
511.0
518.75
522.25
531.25
533.25
537.0
563.75
571.25
579.75
583.25
587.75
603.0
619.25
625.75
628.75
631.0
633.75
637.0
643.75
647.25
649.5
654.25
661.75
674.75
679.75
682.0
685.5
692.75
696.5
704.0
706.75
713.0
731.5
733.5
745.0
753.75
755.75
758.5
787.5
797.25
799.25
802.5
834.25
836.25
838.25
851.5
857.75
867.75
873.25
882.75
892.25
894.5
897.75
901.0
904.0
906.75
911.75
919.75
923.0
926.0
947.25
960.0
965.0
967.75
970.5
972.5
987.75
990.5
994.5
1003.5
1041.5
1053.25
1057.0
1059.5
1062.25
1078.0
1080.25
1101.5
1104.0
1119.25
1123.0
1125.25
