0.0
3.75
15.75
21.5
24.75
39.0
44.5
53.5
58.75
81.25
91.0
99.5
105.25
107.5
109.75
126.25
150.75
156.5
158.5
161.25
168.0
172.5
175.75
188.5
195.75
200.75
203.75
206.75
229.25
247.0
250.5
256.25
262.75
265.0
267.25
270.5
286.25
289.5
302.75
306.0
308.75
316.5
319.25
322.25
325.25
331.75
343.0
345.0
364.0
366.25
383.25
391.0
393.5
409.0
434.75
436.75
442.5
444.75
448.0
465.0
474.0
476.0
496.25
500.0
513.25
516.0
526.0
540.25
544.0
546.25
549.0
551.75
561.75
574.0
577.75
585.5
599.75
608.75
611.0
614.0
616.75
656.75
659.0
663.75
687.5
699.25
701.25
716.5
726.0
729.5
735.5
738.75
741.25
750.5
765.75
784.0
791.0
806.25
808.5
814.25
828.5
854.0
861.25
886.0
888.75
909.25
932.75
942.0
950.0
955.5
957.5
978.75
984.5
992.5
1001.0
1009.25
1022.0
1027.5
1029.5
1033.0
1035.25
1038.75
1049.5
1065.25
1071.75
1073.75
1084.0
1091.75
1095.5
1109.25
1127.75
